# Instantaneous properties
# MC_STEP                Energy_Total             Nmols           Density          Pressure      Mass_Density  
#                        (kJ/mol)-Ext                         (molec/A^3)             (bar)          (kg/m^3)  
                  0   -0.53326243E+01    0.30000000E+03    0.37500000E-04    0.15760644E+01    0.27404514E+01  
               1000   -0.18827749E+02    0.54000000E+03    0.67500000E-04    0.28308970E+01    0.49328126E+01  
               2000   -0.35489752E+02    0.76100000E+03    0.95125000E-04    0.40308800E+01    0.69516118E+01  
               3000   -0.57887957E+02    0.95100000E+03    0.11887500E-03    0.50202275E+01    0.86872310E+01  
               4000   -0.91853592E+02    0.11590000E+04    0.14487500E-03    0.60356812E+01    0.10587277E+02  
               5000   -0.12833847E+03    0.13550000E+04    0.16937500E-03    0.71084761E+01    0.12377706E+02  
               6000   -0.17764705E+03    0.15190000E+04    0.18987500E-03    0.79007052E+01    0.13875819E+02  
               7000   -0.20938733E+03    0.17240000E+04    0.21550000E-03    0.88835794E+01    0.15748461E+02  
               8000   -0.24470162E+03    0.18660000E+04    0.23325000E-03    0.95547990E+01    0.17045608E+02  
               9000   -0.28575716E+03    0.20370000E+04    0.25462500E-03    0.10448340E+02    0.18607665E+02  
              10000   -0.33860532E+03    0.21930000E+04    0.27412500E-03    0.11291753E+02    0.20032700E+02  
              11000   -0.36041891E+03    0.23540000E+04    0.29425000E-03    0.12441658E+02    0.21503409E+02  
              12000   -0.43857986E+03    0.24860000E+04    0.31075000E-03    0.13182511E+02    0.22709208E+02  
              13000   -0.50789065E+03    0.26240000E+04    0.32800000E-03    0.13684486E+02    0.23969815E+02  
              14000   -0.55688534E+03    0.27370000E+04    0.34212500E-03    0.14450578E+02    0.25002052E+02  
              15000   -0.58485596E+03    0.29040000E+04    0.36300000E-03    0.15356718E+02    0.26527570E+02  
              16000   -0.65884376E+03    0.30170000E+04    0.37712500E-03    0.15634020E+02    0.27559807E+02  
              17000   -0.69884459E+03    0.31420000E+04    0.39275000E-03    0.16099067E+02    0.28701661E+02  
              18000   -0.76812038E+03    0.32560000E+04    0.40700000E-03    0.16476427E+02    0.29743033E+02  
              19000   -0.83223110E+03    0.33600000E+04    0.42000000E-03    0.16848681E+02    0.30693056E+02  
              20000   -0.89024234E+03    0.34510000E+04    0.43137500E-03    0.17350881E+02    0.31524326E+02  
              21000   -0.92614170E+03    0.35370000E+04    0.44212500E-03    0.17775014E+02    0.32309922E+02  
              22000   -0.91780306E+03    0.36120000E+04    0.45150000E-03    0.18224436E+02    0.32995035E+02  
              23000   -0.97084446E+03    0.37140000E+04    0.46425000E-03    0.18805479E+02    0.33926789E+02  
              24000   -0.10429818E+04    0.38290000E+04    0.47862500E-03    0.19444549E+02    0.34977295E+02  
              25000   -0.11040434E+04    0.39310000E+04    0.49137500E-03    0.19964696E+02    0.35909049E+02  
              26000   -0.11452759E+04    0.40000000E+04    0.50000000E-03    0.20438927E+02    0.36539352E+02  
              27000   -0.11687308E+04    0.40670000E+04    0.50837500E-03    0.20747057E+02    0.37151387E+02  
              28000   -0.12144253E+04    0.41500000E+04    0.51875000E-03    0.21391827E+02    0.37909578E+02  
              29000   -0.12730450E+04    0.42300000E+04    0.52875000E-03    0.21635443E+02    0.38640365E+02  
              30000   -0.12905245E+04    0.42890000E+04    0.53612500E-03    0.21929154E+02    0.39179321E+02  
              31000   -0.13458594E+04    0.43770000E+04    0.54712500E-03    0.22272816E+02    0.39983186E+02  
              32000   -0.13488290E+04    0.44500000E+04    0.55625000E-03    0.22615344E+02    0.40650030E+02  
              33000   -0.13972456E+04    0.45260000E+04    0.56575000E-03    0.22991185E+02    0.41344277E+02  
              34000   -0.14537788E+04    0.45790000E+04    0.57237500E-03    0.22990626E+02    0.41828424E+02  
              35000   -0.14668666E+04    0.46480000E+04    0.58100000E-03    0.23696790E+02    0.42458728E+02  
              36000   -0.15279381E+04    0.47070000E+04    0.58837500E-03    0.23869346E+02    0.42997683E+02  
              37000   -0.15473881E+04    0.47480000E+04    0.59350000E-03    0.24177999E+02    0.43372211E+02  
              38000   -0.15960685E+04    0.47930000E+04    0.59912500E-03    0.24288095E+02    0.43783279E+02  
              39000   -0.16574013E+04    0.48630000E+04    0.60787500E-03    0.24600499E+02    0.44422718E+02  
              40000   -0.16635372E+04    0.49110000E+04    0.61387500E-03    0.24908587E+02    0.44861190E+02  
              41000   -0.17295768E+04    0.49800000E+04    0.62250000E-03    0.24810827E+02    0.45491494E+02  
              42000   -0.17257774E+04    0.50230000E+04    0.62787500E-03    0.25270546E+02    0.45884292E+02  
              43000   -0.17743458E+04    0.50560000E+04    0.63200000E-03    0.25437296E+02    0.46185741E+02  
              44000   -0.18135946E+04    0.51220000E+04    0.64025000E-03    0.25874122E+02    0.46788641E+02  
              45000   -0.18582493E+04    0.51700000E+04    0.64625000E-03    0.25709974E+02    0.47227113E+02  
              46000   -0.18825105E+04    0.52040000E+04    0.65050000E-03    0.25848942E+02    0.47537698E+02  
              47000   -0.19030954E+04    0.52530000E+04    0.65662500E-03    0.26040571E+02    0.47985305E+02  
              48000   -0.18990333E+04    0.52650000E+04    0.65812500E-03    0.25917543E+02    0.48094923E+02  
              49000   -0.19159283E+04    0.52960000E+04    0.66200000E-03    0.26213053E+02    0.48378103E+02  
              50000   -0.19459664E+04    0.53350000E+04    0.66687500E-03    0.26594555E+02    0.48734361E+02  
              51000   -0.19636858E+04    0.53870000E+04    0.67337500E-03    0.26872503E+02    0.49209373E+02  
              52000   -0.19708678E+04    0.53970000E+04    0.67462500E-03    0.26892711E+02    0.49300721E+02  
              53000   -0.20384844E+04    0.54700000E+04    0.68375000E-03    0.26973467E+02    0.49967564E+02  
              54000   -0.20186580E+04    0.54670000E+04    0.68337500E-03    0.27145837E+02    0.49940160E+02  
              55000   -0.20164728E+04    0.54880000E+04    0.68600000E-03    0.27463694E+02    0.50131992E+02  
              56000   -0.20261514E+04    0.55270000E+04    0.69087500E-03    0.27958076E+02    0.50488250E+02  
              57000   -0.20990590E+04    0.55740000E+04    0.69675000E-03    0.27918074E+02    0.50917588E+02  
              58000   -0.21448407E+04    0.56150000E+04    0.70187500E-03    0.27947782E+02    0.51292116E+02  
              59000   -0.21626467E+04    0.56570000E+04    0.70712500E-03    0.28253329E+02    0.51675779E+02  
              60000   -0.22065497E+04    0.56930000E+04    0.71162500E-03    0.28289075E+02    0.52004633E+02  
              61000   -0.22199558E+04    0.57260000E+04    0.71575000E-03    0.28450674E+02    0.52306083E+02  
              62000   -0.22836641E+04    0.57690000E+04    0.72112500E-03    0.28536358E+02    0.52698881E+02  
              63000   -0.22911772E+04    0.57890000E+04    0.72362500E-03    0.28839225E+02    0.52881578E+02  
              64000   -0.23161336E+04    0.58070000E+04    0.72587500E-03    0.29071304E+02    0.53046005E+02  
              65000   -0.23284295E+04    0.58310000E+04    0.72887500E-03    0.29006907E+02    0.53265241E+02  
              66000   -0.23513351E+04    0.58690000E+04    0.73362500E-03    0.29258555E+02    0.53612365E+02  
              67000   -0.23857645E+04    0.58880000E+04    0.73600000E-03    0.29139949E+02    0.53785927E+02  
              68000   -0.24088078E+04    0.58800000E+04    0.73500000E-03    0.29173700E+02    0.53712848E+02  
              69000   -0.24169567E+04    0.59120000E+04    0.73900000E-03    0.29018784E+02    0.54005163E+02  
              70000   -0.24216990E+04    0.59340000E+04    0.74175000E-03    0.29049489E+02    0.54206129E+02  
              71000   -0.24725726E+04    0.59580000E+04    0.74475000E-03    0.29003586E+02    0.54425365E+02  
              72000   -0.25139424E+04    0.59900000E+04    0.74875000E-03    0.29158261E+02    0.54717680E+02  
              73000   -0.24923248E+04    0.59670000E+04    0.74587500E-03    0.28833052E+02    0.54507579E+02  
              74000   -0.24933956E+04    0.59610000E+04    0.74512500E-03    0.28950402E+02    0.54452770E+02  
              75000   -0.25513394E+04    0.60010000E+04    0.75012500E-03    0.29009437E+02    0.54818163E+02  
              76000   -0.25220481E+04    0.59950000E+04    0.74937500E-03    0.29295049E+02    0.54763354E+02  
              77000   -0.25357882E+04    0.59890000E+04    0.74862500E-03    0.29244165E+02    0.54708545E+02  
              78000   -0.25491063E+04    0.60150000E+04    0.75187500E-03    0.29481458E+02    0.54946051E+02  
              79000   -0.25806404E+04    0.60300000E+04    0.75375000E-03    0.29319549E+02    0.55083074E+02  
              80000   -0.25098815E+04    0.60310000E+04    0.75387500E-03    0.30446208E+02    0.55092209E+02  
              81000   -0.25097875E+04    0.60320000E+04    0.75400000E-03    0.30225990E+02    0.55101343E+02  
              82000   -0.25337240E+04    0.60550000E+04    0.75687500E-03    0.30659128E+02    0.55311445E+02  
              83000   -0.25749393E+04    0.60700000E+04    0.75875000E-03    0.30458935E+02    0.55448467E+02  
              84000   -0.25797551E+04    0.60560000E+04    0.75700000E-03    0.30110140E+02    0.55320580E+02  
              85000   -0.26196296E+04    0.61120000E+04    0.76400000E-03    0.30346900E+02    0.55832131E+02  
              86000   -0.26410675E+04    0.61310000E+04    0.76637500E-03    0.30127909E+02    0.56005692E+02  
              87000   -0.26487241E+04    0.61510000E+04    0.76887500E-03    0.30088032E+02    0.56188389E+02  
              88000   -0.26359681E+04    0.61840000E+04    0.77300000E-03    0.30381394E+02    0.56489839E+02  
              89000   -0.26281228E+04    0.61850000E+04    0.77312500E-03    0.30342882E+02    0.56498974E+02  
              90000   -0.26500008E+04    0.62060000E+04    0.77575000E-03    0.30539764E+02    0.56690805E+02  
              91000   -0.26617990E+04    0.62300000E+04    0.77875000E-03    0.30620899E+02    0.56910041E+02  
              92000   -0.26777826E+04    0.62440000E+04    0.78050000E-03    0.30578107E+02    0.57037929E+02  
              93000   -0.27044290E+04    0.62680000E+04    0.78350000E-03    0.30795726E+02    0.57257165E+02  
              94000   -0.27391984E+04    0.62730000E+04    0.78412500E-03    0.30442540E+02    0.57302839E+02  
              95000   -0.27407272E+04    0.62980000E+04    0.78725000E-03    0.30876063E+02    0.57531210E+02  
              96000   -0.27344995E+04    0.63050000E+04    0.78812500E-03    0.30796006E+02    0.57595154E+02  
              97000   -0.27399624E+04    0.63230000E+04    0.79037500E-03    0.31127703E+02    0.57759581E+02  
              98000   -0.27395452E+04    0.63480000E+04    0.79350000E-03    0.31048985E+02    0.57987952E+02  
              99000   -0.26859866E+04    0.63330000E+04    0.79162500E-03    0.30864224E+02    0.57850930E+02  
             100000   -0.27007909E+04    0.63240000E+04    0.79050000E-03    0.31106063E+02    0.57768716E+02  
